#"Progress (%)"	"Step"	"Potential Energy (kJ/mole)"	"Temperature (K)"	"Speed (ns/day)"
0.1%	1000	-559353.3581542969	307.8113348882967	0
0.2%	2000	-561318.8709716797	300.328765953177	3.81e+03
0.3%	3000	-562033.7178039551	298.0692817177425	3.82e+03
0.4%	4000	-562550.3756103516	299.44267491416093	3.8e+03
0.5%	5000	-562874.1365356445	306.76105046257334	3.4e+03
0.6%	6000	-563364.9280395508	298.1830918676742	2.75e+03
0.7%	7000	-563483.9770507812	304.50808261625974	2.45e+03
0.8%	8000	-563456.1223144531	284.9327395439606	2.27e+03
0.9%	9000	-563707.9372253418	295.1416392180639	2.17e+03
1.0%	10000	-563702.9521484375	286.8471917573957	2.06e+03
1.1%	11000	-564147.7833862305	313.33747994831594	1.96e+03
1.2%	12000	-564512.604309082	295.1692073382432	1.93e+03
1.3%	13000	-564327.5164794922	292.27444691621645	1.81e+03
1.4%	14000	-564425.7467041016	300.99533769919736	1.78e+03
1.5%	15000	-564755.153137207	320.15967231178394	1.76e+03
1.6%	16000	-564824.2122802734	291.9342104368001	1.74e+03
1.7%	17000	-564980.5236816406	305.4541048769053	1.73e+03
1.8%	18000	-565029.1085205078	297.7393520964449	1.72e+03
1.9%	19000	-564863.4719543457	304.29895058078307	1.71e+03
2.0%	20000	-565135.2191772461	299.8496716994256	1.69e+03
2.1%	21000	-565188.3475341797	301.6475279165315	1.68e+03
2.2%	22000	-565370.5651855469	294.42075062593983	1.71e+03
2.3%	23000	-565545.7855224609	303.99662541130607	1.75e+03
2.4%	24000	-565711.319519043	295.8521541000062	1.77e+03
2.5%	25000	-565639.7081604004	287.11759492089215	1.76e+03
2.6%	26000	-566232.3381958008	301.7804726621973	1.75e+03
2.7%	27000	-566153.4849243164	297.4220998795703	1.74e+03
2.8%	28000	-566071.211730957	297.3163339593398	1.74e+03
2.9%	29000	-566181.3438720703	297.93814554010066	1.73e+03
3.0%	30000	-565990.7827148438	292.1616596616845	1.73e+03
3.1%	31000	-566085.1834716797	298.8534309783899	1.72e+03
3.2%	32000	-566342.2080841064	315.4130237031624	1.71e+03
3.3%	33000	-566149.0663146973	300.09303736845607	1.71e+03
3.4%	34000	-566177.7462158203	301.44002525537394	1.7e+03
3.5%	35000	-566717.3737182617	296.7032623954266	1.7e+03
3.6%	36000	-566545.19921875	296.0841346317156	1.7e+03
3.7%	37000	-566532.2994384766	308.57445348459873	1.69e+03
3.8%	38000	-566902.5476074219	296.64628280678966	1.71e+03
3.9%	39000	-566550.8336486816	295.071294906877	1.74e+03
4.0%	40000	-566553.5103149414	297.7977151291808	1.74e+03
4.1%	41000	-566791.9300537109	304.98942696188675	1.73e+03
4.2%	42000	-566853.0357055664	293.28607136455753	1.72e+03
4.3%	43000	-566766.62109375	297.74531084612255	1.71e+03
4.4%	44000	-566870.6544189453	298.6924835133859	1.7e+03
4.5%	45000	-566774.6756591797	299.7308286751734	1.7e+03
4.6%	46000	-566586.4909667969	309.0017446575547	1.69e+03
4.7%	47000	-566771.5192871094	313.2155354741849	1.69e+03
4.8%	48000	-566961.7786254883	306.6151301720878	1.69e+03
4.9%	49000	-566812.0152587891	300.8828705255728	1.68e+03
5.0%	50000	-566912.8251342773	304.2352415543788	1.69e+03
5.1%	51000	-566906.0318603516	308.95097095296995	1.71e+03
5.2%	52000	-566651.606048584	294.34179569278893	1.7e+03
5.3%	53000	-566926.8883361816	303.99440811846085	1.7e+03
5.4%	54000	-566995.4070739746	301.9654572775514	1.7e+03
5.5%	55000	-567015.8874511719	309.8762341280068	1.7e+03
5.6%	56000	-566895.3515625	302.95707018867375	1.69e+03
5.7%	57000	-566950.6746826172	302.76555681841296	1.69e+03
5.8%	58000	-566969.9634094238	300.0804694831186	1.69e+03
5.9%	59000	-567053.3695068359	300.58659397952374	1.68e+03
6.0%	60000	-567207.8243408203	302.9713449853435	1.68e+03
6.1%	61000	-567148.5233154297	287.3842032905338	1.69e+03
6.2%	62000	-567125.705078125	303.5302958215134	1.68e+03
6.3%	63000	-567081.119354248	299.0267998337825	1.68e+03
6.4%	64000	-567140.6647949219	293.3874389941776	1.68e+03
6.5%	65000	-567191.0297851562	298.46135843597426	1.68e+03
6.6%	66000	-567357.8471679688	291.7711605482146	1.67e+03
6.7%	67000	-567288.0879516602	292.7259667722856	1.67e+03
6.8%	68000	-567336.6207885742	310.11330949537484	1.67e+03
6.9%	69000	-567399.8520202637	295.77718647394425	1.67e+03
7.0%	70000	-567396.1547851562	302.4128786636496	1.67e+03
7.1%	71000	-567371.5892333984	296.0839995571123	1.69e+03
7.2%	72000	-567215.9052734375	298.9351837454453	1.7e+03
7.3%	73000	-567457.915222168	294.92619621977525	1.69e+03
7.4%	74000	-567439.2112426758	299.97720590252607	1.69e+03
7.5%	75000	-567233.9279785156	292.08773797248483	1.69e+03
7.6%	76000	-567437.8198852539	285.86186194028403	1.68e+03
7.7%	77000	-567468.6094970703	302.7011912914508	1.68e+03
7.8%	78000	-567385.7589111328	299.5654249887974	1.68e+03
7.9%	79000	-567526.2427062988	307.67782845204164	1.68e+03
8.0%	80000	-567620.5192871094	305.2211213484383	1.67e+03
8.1%	81000	-567420.9298095703	303.50384777661026	1.67e+03
8.2%	82000	-567473.6491851807	310.7754611968858	1.67e+03
8.3%	83000	-567587.0630493164	309.372382482692	1.67e+03
8.4%	84000	-567694.3525695801	305.99597639293864	1.67e+03
8.5%	85000	-567505.3727722168	312.29648643913197	1.66e+03
8.6%	86000	-567325.5828552246	300.1995094108059	1.66e+03
8.7%	87000	-567605.3684082031	303.44892167077677	1.66e+03
8.8%	88000	-567533.3176422119	293.0109763831192	1.66e+03
8.9%	89000	-567663.384765625	295.86789731294255	1.65e+03
9.0%	90000	-567601.6597595215	302.31760399808314	1.65e+03
9.1%	91000	-567707.3915405273	297.6516935826842	1.65e+03
9.2%	92000	-567922.2576599121	293.3597006586719	1.65e+03
9.3%	93000	-567917.9101791382	296.20498465527317	1.64e+03
9.4%	94000	-567733.6497802734	309.12834003990145	1.64e+03
9.5%	95000	-567923.7715454102	313.1499460424681	1.64e+03
9.6%	96000	-567882.0756835938	311.75834690118336	1.65e+03
9.7%	97000	-567948.1750488281	291.29993811362766	1.65e+03
9.8%	98000	-567968.8083648682	294.36094242371274	1.64e+03
9.9%	99000	-567880.1943817139	299.3567118825915	1.63e+03
10.0%	100000	-567997.1989746094	294.6316289751441	1.63e+03
10.1%	101000	-567939.7524414062	290.6587011706242	1.61e+03
10.2%	102000	-567770.4925537109	309.74124137578355	1.61e+03
10.3%	103000	-567937.6563720703	299.4209597516219	1.61e+03
10.4%	104000	-567757.177734375	307.519870828881	1.62e+03
10.5%	105000	-567873.6895141602	305.09934101708063	1.62e+03
10.6%	106000	-567781.9370727539	293.50019293642936	1.62e+03
10.7%	107000	-567973.9132080078	293.04334866552654	1.61e+03
10.8%	108000	-568154.6386108398	289.9770041835271	1.61e+03
10.9%	109000	-567937.495803833	304.9567887757842	1.61e+03
11.0%	110000	-567875.9059143066	303.8232034051435	1.6e+03
11.1%	111000	-568154.2145385742	304.50770802042877	1.6e+03
11.2%	112000	-568068.0343017578	297.8938657387557	1.6e+03
11.3%	113000	-567806.354675293	301.35782411977385	1.6e+03
11.4%	114000	-567858.6123962402	314.24605899208245	1.6e+03
11.5%	115000	-568100.7549133301	290.4456843269269	1.59e+03
11.6%	116000	-567826.0711669922	290.96766366642913	1.59e+03
11.7%	117000	-568025.676574707	302.8508659973369	1.59e+03
11.8%	118000	-568021.7028808594	307.55799218319237	1.59e+03
11.9%	119000	-567922.9664916992	306.2659243095784	1.59e+03
12.0%	120000	-567981.7458953857	288.9914653279846	1.59e+03
12.1%	121000	-567988.690246582	289.67321342465124	1.58e+03
12.2%	122000	-567925.9315338135	291.62026964346074	1.58e+03
12.3%	123000	-567988.669921875	291.47318897068254	1.58e+03
12.4%	124000	-567971.8857269287	301.4251266801269	1.58e+03
12.5%	125000	-567894.0866699219	306.49091377501384	1.58e+03
12.6%	126000	-568074.2066040039	310.03443885671254	1.58e+03
12.7%	127000	-568077.59375	296.41639609802684	1.58e+03
12.8%	128000	-568107.2110595703	311.9866508517391	1.58e+03
12.9%	129000	-567887.7175292969	296.25877415447917	1.58e+03
13.0%	130000	-567923.2239990234	300.68119791396146	1.59e+03
13.1%	131000	-567882.6823730469	303.34894524334027	1.59e+03
13.2%	132000	-568056.2213745117	291.6788111943782	1.59e+03
13.3%	133000	-567845.0516967773	298.3779455499665	1.58e+03
13.4%	134000	-567788.7831726074	311.8799094445854	1.58e+03
13.5%	135000	-567798.0110473633	303.22784756841804	1.58e+03
13.6%	136000	-568150.858795166	300.02670117017226	1.58e+03
13.7%	137000	-568079.3516540527	305.8433018840567	1.58e+03
13.8%	138000	-567992.5696716309	293.15781864137756	1.58e+03
13.9%	139000	-568059.3607788086	288.8897015815015	1.58e+03
14.0%	140000	-568037.6324462891	297.6245149653787	1.58e+03
14.1%	141000	-568124.6282958984	312.6432986045354	1.58e+03
14.2%	142000	-567999.5294799805	300.3564148417874	1.59e+03
14.3%	143000	-567970.3715209961	312.42459582549657	1.59e+03
14.4%	144000	-568059.3070678711	296.4737123934878	1.59e+03
14.5%	145000	-567854.4572753906	299.9999669855438	1.59e+03
14.6%	146000	-568023.6865463257	300.71858118174396	1.59e+03
14.7%	147000	-567862.5603027344	298.9048176097761	1.59e+03
14.8%	148000	-568085.2905883789	306.2791798682805	1.59e+03
14.9%	149000	-568038.4184951782	293.27808378689645	1.59e+03
15.0%	150000	-568101.8764648438	308.5534848961548	1.58e+03
15.1%	151000	-568028.7040176392	288.05300152679393	1.58e+03
15.2%	152000	-567960.0804595947	296.7474973485405	1.58e+03
15.3%	153000	-568111.9627685547	305.43306611422724	1.58e+03
15.4%	154000	-568002.6249084473	308.6942924183746	1.58e+03
15.5%	155000	-567887.1216125488	294.15065799657503	1.58e+03
15.6%	156000	-567831.9669189453	307.9267753162777	1.58e+03
15.7%	157000	-568063.6528930664	299.78456531602154	1.58e+03
15.8%	158000	-567877.5493774414	300.28006253440293	1.58e+03
15.9%	159000	-567875.2833862305	300.87698742680647	1.59e+03
16.0%	160000	-567740.1634521484	306.04531318508486	1.59e+03
16.1%	161000	-568229.1787109375	293.1668533571667	1.59e+03
16.2%	162000	-568002.1376037598	290.53418285985754	1.58e+03
16.3%	163000	-567937.6372070312	306.54247012643765	1.58e+03
16.4%	164000	-568089.8959960938	300.41811106087863	1.58e+03
16.5%	165000	-568014.6069412231	308.86915515115345	1.57e+03
16.6%	166000	-568140.2216796875	305.7702356781136	1.57e+03
16.7%	167000	-567945.8464355469	297.9499157364631	1.57e+03
16.8%	168000	-568008.2641601562	302.80500112858266	1.57e+03
16.9%	169000	-568238.4978637695	303.0320698235105	1.57e+03
17.0%	170000	-568058.5809326172	298.1224940280969	1.57e+03
17.1%	171000	-567881.0261230469	298.175663315947	1.57e+03
17.2%	172000	-567948.7342529297	308.2596458025679	1.57e+03
17.3%	173000	-568015.6453704834	288.4874167212523	1.57e+03
17.4%	174000	-568000.6712646484	308.1992352246465	1.57e+03
17.5%	175000	-568085.8433837891	301.66567497345073	1.56e+03
17.6%	176000	-568050.3006591797	297.242655497807	1.56e+03
17.7%	177000	-567813.1258544922	296.93857846549224	1.56e+03
17.8%	178000	-567985.9790649414	293.0009756209262	1.56e+03
17.9%	179000	-567988.0087890625	308.317868544322	1.56e+03
18.0%	180000	-567976.972442627	301.78223962764685	1.56e+03
18.1%	181000	-568068.996925354	309.9549983995659	1.56e+03
18.2%	182000	-567903.2364501953	308.5248688828779	1.56e+03
18.3%	183000	-568109.8420410156	291.1078235569524	1.55e+03
18.4%	184000	-567968.8098144531	293.764886086526	1.55e+03
18.5%	185000	-567956.75390625	303.18361241726325	1.55e+03
18.6%	186000	-567963.2117156982	309.6408231062972	1.55e+03
18.7%	187000	-568082.1797485352	304.4277896809036	1.55e+03
18.8%	188000	-568159.8547210693	301.0801764304373	1.55e+03
18.9%	189000	-567951.4577636719	311.3781792948461	1.56e+03
19.0%	190000	-567909.5197372437	296.19187538321773	1.55e+03
19.1%	191000	-567959.7292327881	298.0587374170488	1.55e+03
19.2%	192000	-568134.6627349854	309.4836598828229	1.55e+03
19.3%	193000	-568018.2124633789	298.14130820337994	1.55e+03
19.4%	194000	-568015.7366027832	299.73324194225717	1.55e+03
19.5%	195000	-568080.0046691895	302.6887653024044	1.55e+03
19.6%	196000	-568111.1334228516	285.85599888825203	1.55e+03
19.7%	197000	-568127.5102996826	296.39362700688713	1.55e+03
19.8%	198000	-567971.5749511719	311.2863801077778	1.55e+03
19.9%	199000	-568086.0874023438	309.84317051338724	1.55e+03
20.0%	200000	-567963.9361572266	288.4837255761062	1.55e+03
20.1%	201000	-568072.3575439453	307.2124393389144	1.55e+03
20.2%	202000	-568174.2205810547	313.23277096173297	1.55e+03
20.3%	203000	-568103.0081787109	307.52076836654123	1.55e+03
20.4%	204000	-568070.0466308594	305.1300600125062	1.55e+03
20.5%	205000	-567947.7034912109	298.80472615905535	1.55e+03
20.6%	206000	-568169.8648681641	296.13624646898546	1.55e+03
20.7%	207000	-568268.1656494141	306.89463853428094	1.55e+03
20.8%	208000	-568287.0433959961	306.7844533781347	1.55e+03
20.9%	209000	-568043.3702392578	304.4405590815918	1.55e+03
21.0%	210000	-568022.380859375	304.1706651110471	1.55e+03
21.1%	211000	-568176.1807861328	291.8819006886664	1.55e+03
21.2%	212000	-568143.2260131836	297.34778750235614	1.54e+03
21.3%	213000	-568024.4598999023	288.2075228107362	1.54e+03
21.4%	214000	-568244.4962158203	289.2975644880782	1.54e+03
21.5%	215000	-568168.2473144531	299.6819606586673	1.54e+03
21.6%	216000	-568152.3653564453	310.877541789887	1.54e+03
21.7%	217000	-568112.507019043	292.3687736035662	1.54e+03
21.8%	218000	-568135.9611816406	304.07149566353223	1.54e+03
21.9%	219000	-568082.4692382812	298.903069738726	1.54e+03
22.0%	220000	-568319.4364013672	308.37882585021475	1.54e+03
22.1%	221000	-568103.6114501953	293.4325871798321	1.54e+03
22.2%	222000	-568179.5899658203	307.56828747224813	1.54e+03
22.3%	223000	-568076.8894042969	298.69394747221025	1.54e+03
22.4%	224000	-568243.5673828125	294.8717417024157	1.54e+03
22.5%	225000	-568033.8956298828	295.7186937234805	1.54e+03
22.6%	226000	-568067.4508056641	282.5418148347049	1.54e+03
22.7%	227000	-568350.9770507812	300.6916134014767	1.54e+03
22.8%	228000	-568233.1453857422	285.92452461925774	1.54e+03
22.9%	229000	-568015.1628417969	304.5424652051251	1.54e+03
23.0%	230000	-568152.8146972656	303.3943469043122	1.54e+03
23.1%	231000	-568039.3031768799	306.49562910863125	1.54e+03
23.2%	232000	-568080.551940918	302.4770541716324	1.54e+03
23.3%	233000	-568199.9586181641	297.9481957312827	1.54e+03
23.4%	234000	-568087.5316772461	302.202041517259	1.54e+03
23.5%	235000	-568070.7354736328	306.43340343910853	1.54e+03
23.6%	236000	-568236.0830078125	301.0719217406941	1.53e+03
23.7%	237000	-568196.1490478516	294.2569240981517	1.53e+03
23.8%	238000	-567945.8774414062	298.41461346218387	1.53e+03
23.9%	239000	-568182.5829772949	303.1429076230746	1.53e+03
24.0%	240000	-567914.9288330078	303.9651988981051	1.53e+03
24.1%	241000	-568080.8665466309	282.57318320890687	1.53e+03
24.2%	242000	-568064.6176757812	314.33834472105923	1.53e+03
24.3%	243000	-568028.4996337891	292.6105887193081	1.53e+03
24.4%	244000	-568086.2384033203	307.976778557631	1.53e+03
24.5%	245000	-568163.8909606934	301.2816811048816	1.53e+03
24.6%	246000	-567922.9416503906	297.3790457676184	1.53e+03
24.7%	247000	-567949.1401367188	312.1095687568585	1.53e+03
24.8%	248000	-567981.4120178223	304.07954392119433	1.53e+03
24.9%	249000	-568175.4417724609	301.4855888318066	1.53e+03
25.0%	250000	-568179.3060302734	296.99306992764366	1.53e+03
25.1%	251000	-568250.2744140625	290.60966018136037	1.53e+03
25.2%	252000	-568342.4847412109	297.0924181424863	1.53e+03
25.3%	253000	-567992.3601074219	303.65065102925195	1.53e+03
25.4%	254000	-568145.9092102051	294.0808185863004	1.53e+03
25.5%	255000	-568067.3112792969	296.52220439250135	1.53e+03
25.6%	256000	-568159.5343780518	297.6834044151582	1.53e+03
25.7%	257000	-568088.3529968262	293.80841706966265	1.53e+03
25.8%	258000	-567922.5831298828	306.47016978903474	1.53e+03
25.9%	259000	-568366.7769775391	306.7271010755435	1.53e+03
26.0%	260000	-568186.3773193359	310.7923792196201	1.53e+03
26.1%	261000	-568216.1614990234	290.443206771482	1.53e+03
26.2%	262000	-568105.9470214844	307.1239530528408	1.53e+03
26.3%	263000	-568138.4803466797	289.1490376162263	1.53e+03
26.4%	264000	-568290.2232055664	301.4591721880177	1.53e+03
26.5%	265000	-568117.8641357422	295.1225086707847	1.53e+03
26.6%	266000	-568111.291229248	297.16985377077884	1.53e+03
26.7%	267000	-568087.6763916016	292.5562500378758	1.53e+03
26.8%	268000	-568163.3146972656	296.5820559844706	1.53e+03
26.9%	269000	-568397.9767456055	303.5616923459274	1.53e+03
27.0%	270000	-568200.8594970703	301.7333500547186	1.53e+03
27.1%	271000	-568299.5317382812	292.0943386211318	1.53e+03
27.2%	272000	-568322.0828552246	303.2327383972629	1.53e+03
27.3%	273000	-568094.4985961914	297.62852106136955	1.54e+03
27.4%	274000	-568211.1198730469	310.32519007158595	1.54e+03
27.5%	275000	-568364.6775512695	297.68061598258873	1.54e+03
27.6%	276000	-568130.8804321289	299.7788549141139	1.54e+03
27.7%	277000	-568089.8453369141	303.6098421900393	1.54e+03
27.8%	278000	-568048.8006591797	291.50853040642716	1.54e+03
27.9%	279000	-568123.4324951172	296.6306352780472	1.54e+03
28.0%	280000	-568103.1274414062	306.80622538236156	1.54e+03
28.1%	281000	-568081.4158935547	303.59835107116237	1.54e+03
28.2%	282000	-568285.4317626953	295.5664273401522	1.54e+03
28.3%	283000	-568273.1102294922	304.70690760221646	1.54e+03
28.4%	284000	-568026.8929443359	308.9888248782045	1.54e+03
28.5%	285000	-568247.0860595703	294.16018847070234	1.54e+03
28.6%	286000	-568272.1741943359	294.6667082896802	1.54e+03
28.7%	287000	-568159.7573852539	307.8370268514126	1.54e+03
28.8%	288000	-568199.5697021484	293.84811541763327	1.54e+03
28.9%	289000	-568280.6342468262	306.28857816466206	1.54e+03
29.0%	290000	-568196.0698242188	302.3216801727944	1.54e+03
29.1%	291000	-568359.0932617188	305.8180766498548	1.54e+03
29.2%	292000	-568014.3563232422	297.0265839195572	1.54e+03
29.3%	293000	-568054.873046875	313.0351936627065	1.54e+03
29.4%	294000	-568063.5368652344	300.09755261330656	1.54e+03
29.5%	295000	-568412.4034423828	298.127259614477	1.54e+03
29.6%	296000	-568314.9225769043	305.8161840839723	1.54e+03
29.7%	297000	-568202.2666015625	297.5639039208751	1.55e+03
29.8%	298000	-568143.8822021484	295.125979240112	1.55e+03
29.9%	299000	-568069.7302246094	304.93961389836227	1.55e+03
30.0%	300000	-568149.5256347656	309.44670754504006	1.54e+03
30.1%	301000	-568171.8527832031	303.40438879600214	1.54e+03
30.2%	302000	-567990.8720703125	283.08332447985765	1.54e+03
30.3%	303000	-568176.4619140625	296.05181610255784	1.54e+03
30.4%	304000	-568296.7752685547	308.0742773577358	1.54e+03
30.5%	305000	-568194.4671020508	285.8721044886207	1.54e+03
30.6%	306000	-568359.7749633789	318.75308478950836	1.54e+03
30.7%	307000	-568267.8643493652	312.0274628012277	1.54e+03
30.8%	308000	-568168.6934204102	293.86607272751286	1.54e+03
30.9%	309000	-568265.2626953125	291.8388820188104	1.54e+03
31.0%	310000	-568159.4208984375	286.24255040150535	1.54e+03
31.1%	311000	-568364.7130126953	301.67849010185535	1.54e+03
31.2%	312000	-568180.4921875	291.7143300907692	1.54e+03
31.3%	313000	-568331.4881896973	306.96972085734853	1.54e+03
31.4%	314000	-568195.6439208984	305.92853720369226	1.54e+03
31.5%	315000	-568065.3883666992	295.292040844784	1.54e+03
31.6%	316000	-568340.180480957	298.96458744420596	1.54e+03
31.7%	317000	-568261.3042602539	298.79740137436204	1.54e+03
31.8%	318000	-568212.26171875	293.80970696263864	1.55e+03
31.9%	319000	-568275.4562530518	300.3071125184626	1.55e+03
32.0%	320000	-568240.296875	304.1281479533773	1.55e+03
32.1%	321000	-567974.5881347656	302.47789249498067	1.55e+03
32.2%	322000	-568238.2354736328	316.30874184151344	1.55e+03
32.3%	323000	-568300.5036621094	304.7053320516612	1.55e+03
32.4%	324000	-568352.3077392578	311.1702376645818	1.55e+03
32.5%	325000	-568288.1170654297	290.0483178148639	1.55e+03
32.6%	326000	-568126.2030944824	300.42920157399084	1.55e+03
32.7%	327000	-568422.0549926758	299.8045327137742	1.55e+03
32.8%	328000	-568068.5633850098	300.22653354148173	1.55e+03
32.9%	329000	-568197.9386749268	302.49020358386434	1.55e+03
33.0%	330000	-567920.4309692383	308.18545860602046	1.55e+03
33.1%	331000	-568207.2918701172	292.74183956503987	1.55e+03
33.2%	332000	-568265.693359375	303.53345141623237	1.55e+03
33.3%	333000	-568091.0836181641	306.3555454389975	1.55e+03
33.4%	334000	-568114.3096313477	298.6349136841437	1.55e+03
33.5%	335000	-568286.0894775391	300.9867730366777	1.55e+03
33.6%	336000	-568100.0955200195	297.86123511209337	1.55e+03
33.7%	337000	-568099.7946777344	306.96136806346163	1.55e+03
33.8%	338000	-568384.2697067261	294.92028571681294	1.55e+03
33.9%	339000	-568321.7503662109	296.9471867689124	1.55e+03
34.0%	340000	-568152.6505126953	300.0608778136656	1.55e+03
34.1%	341000	-568261.1608276367	309.266302452471	1.55e+03
34.2%	342000	-568186.486114502	290.23691962461476	1.55e+03
34.3%	343000	-568356.6999206543	307.2024055170007	1.55e+03
34.4%	344000	-568226.506652832	311.46625849541107	1.55e+03
34.5%	345000	-568243.9874267578	314.80802487911393	1.55e+03
34.6%	346000	-568207.1594848633	295.95407905067003	1.55e+03
34.7%	347000	-568394.4669189453	306.1595660192718	1.55e+03
34.8%	348000	-568238.2775268555	302.9902862923262	1.55e+03
34.9%	349000	-568357.2157287598	304.5110409191219	1.55e+03
35.0%	350000	-568193.2443847656	314.09124434660697	1.55e+03
35.1%	351000	-568269.8654174805	313.5001141150587	1.55e+03
35.2%	352000	-568086.3315429688	312.0018476696225	1.55e+03
35.3%	353000	-568368.4086914062	310.0635748634103	1.55e+03
35.4%	354000	-568407.3262939453	307.2431130023029	1.55e+03
35.5%	355000	-568215.3950538635	293.9589070300206	1.55e+03
35.6%	356000	-568252.6734619141	304.24240450644214	1.55e+03
35.7%	357000	-568250.6778564453	306.235486589518	1.55e+03
35.8%	358000	-568211.6835021973	303.1198264170982	1.55e+03
35.9%	359000	-568264.5834655762	303.3745461214662	1.55e+03
36.0%	360000	-568378.0052490234	286.86234372311026	1.55e+03
36.1%	361000	-568464.6097106934	292.97547604998874	1.55e+03
36.2%	362000	-568127.8107910156	297.0354329528002	1.55e+03
36.3%	363000	-568024.3743591309	298.820003896455	1.56e+03
36.4%	364000	-568352.0177001953	299.4312750996854	1.56e+03
36.5%	365000	-568120.4870605469	304.12329816543553	1.56e+03
36.6%	366000	-568168.7412109375	311.5759511326671	1.56e+03
36.7%	367000	-568131.6129760742	296.06155785556433	1.56e+03
36.8%	368000	-568278.3581542969	299.57856671557886	1.56e+03
36.9%	369000	-568290.9318237305	298.2856687230549	1.56e+03
37.0%	370000	-568243.7008514404	294.6886788174507	1.56e+03
37.1%	371000	-568233.0735473633	303.988879545854	1.56e+03
37.2%	372000	-568333.9403991699	295.4058494703904	1.56e+03
37.3%	373000	-568390.9677734375	295.7586977417328	1.56e+03
37.4%	374000	-568292.8363037109	305.0039704385242	1.56e+03
37.5%	375000	-568623.1715698242	290.3271152603662	1.56e+03
37.6%	376000	-568317.6509399414	302.4593639291392	1.56e+03
37.7%	377000	-568276.4076538086	299.39566648973016	1.56e+03
37.8%	378000	-568016.1140441895	291.4492974168685	1.56e+03
37.9%	379000	-568298.5433349609	297.706381969706	1.56e+03
38.0%	380000	-568193.9235839844	294.5232180877136	1.56e+03
38.1%	381000	-568238.7528076172	292.24249899203437	1.56e+03
38.2%	382000	-568219.6649169922	305.3346655074462	1.56e+03
38.3%	383000	-568099.3215026855	290.2221655333541	1.56e+03
38.4%	384000	-568251.486907959	294.5022992978678	1.56e+03
38.5%	385000	-568245.9090576172	297.91482428429424	1.56e+03
38.6%	386000	-568154.7387695312	294.64467651189096	1.56e+03
38.7%	387000	-568348.12890625	296.7565556839981	1.56e+03
38.8%	388000	-568372.2676086426	291.07448947881903	1.56e+03
38.9%	389000	-568243.5719299316	307.7882334167637	1.56e+03
39.0%	390000	-568184.274230957	308.9066379660183	1.56e+03
39.1%	391000	-568319.5994262695	295.82986433596596	1.56e+03
39.2%	392000	-568267.8732299805	298.8405377774571	1.56e+03
39.3%	393000	-568368.0090332031	306.20177345670305	1.56e+03
39.4%	394000	-568371.1937255859	305.4954167629268	1.56e+03
39.5%	395000	-568299.4993896484	306.69167605847286	1.56e+03
39.6%	396000	-568436.1433410645	307.1063329967401	1.56e+03
39.7%	397000	-568224.9207763672	302.58201430400914	1.56e+03
39.8%	398000	-568180.0842132568	312.5575338150954	1.56e+03
39.9%	399000	-568410.4876861572	304.46568763090437	1.56e+03
40.0%	400000	-568176.012588501	289.44180383209584	1.56e+03
40.1%	401000	-568529.3775024414	301.0903350764868	1.56e+03
40.2%	402000	-568341.257598877	296.0651101478673	1.56e+03
40.3%	403000	-568297.921875	293.7545468708045	1.56e+03
40.4%	404000	-568369.3335876465	293.78879943484947	1.56e+03
40.5%	405000	-568327.5459594727	295.40767161109596	1.56e+03
40.6%	406000	-568192.8919067383	297.5259535068088	1.56e+03
40.7%	407000	-568067.7899169922	294.50317319724104	1.56e+03
40.8%	408000	-568355.5711545944	307.4185289255853	1.56e+03
40.9%	409000	-568478.4409790039	290.7457737916384	1.56e+03
41.0%	410000	-568332.4918823242	311.27264011755256	1.56e+03
41.1%	411000	-568299.969543457	288.20493227891285	1.56e+03
41.2%	412000	-568338.7385253906	318.9748877099265	1.56e+03
41.3%	413000	-568197.3984375	300.03344387776815	1.56e+03
41.4%	414000	-568251.4530944824	294.00449092455244	1.56e+03
41.5%	415000	-568551.3569946289	311.9314929678233	1.56e+03
41.6%	416000	-568229.9294433594	297.8728025708711	1.56e+03
41.7%	417000	-568331.404296875	295.1273011929036	1.56e+03
41.8%	418000	-568307.8559570312	291.60859223396045	1.56e+03
41.9%	419000	-568229.604309082	289.94075015579193	1.56e+03
42.0%	420000	-568619.7498779297	307.6443984439024	1.56e+03
42.1%	421000	-568187.2576293945	289.2844111020806	1.56e+03
42.2%	422000	-568233.2813110352	305.2696686735093	1.56e+03
42.3%	423000	-568553.6758422852	293.30277190496304	1.56e+03
42.4%	424000	-568160.7792358398	299.02076348141344	1.56e+03
42.5%	425000	-568243.7607727051	299.68140967585026	1.56e+03
42.6%	426000	-568345.172668457	304.7697032058575	1.56e+03
42.7%	427000	-568562.8526611328	298.0376382312696	1.56e+03
42.8%	428000	-568336.0102081299	299.5911939954627	1.56e+03
42.9%	429000	-568404.3513183594	296.62048065185303	1.56e+03
43.0%	430000	-568470.0856933594	309.549690039484	1.56e+03
43.1%	431000	-568191.5047302246	295.67680842870834	1.56e+03
43.2%	432000	-568358.8268127441	310.80985771463327	1.56e+03
43.3%	433000	-568329.0757446289	297.7852033231745	1.56e+03
43.4%	434000	-568478.6956481934	290.09501937676544	1.56e+03
43.5%	435000	-568532.3772583008	305.94555503492876	1.56e+03
43.6%	436000	-568293.8016662598	296.6854570571874	1.56e+03
43.7%	437000	-568386.9930419922	291.1465363668883	1.56e+03
43.8%	438000	-568478.7156982422	304.5653790440853	1.56e+03
43.9%	439000	-568452.6535339355	310.5895314146037	1.56e+03
44.0%	440000	-568300.2778320312	296.71640761830434	1.56e+03
44.1%	441000	-568471.5676269531	306.074451382419	1.56e+03
44.2%	442000	-568135.5088500977	300.42530970275425	1.56e+03
44.3%	443000	-568161.4781494141	297.34857748741314	1.56e+03
44.4%	444000	-568257.8103027344	285.76347286382	1.56e+03
44.5%	445000	-568181.8245849609	305.4023209872985	1.56e+03
44.6%	446000	-568470.5299682617	305.5693141430588	1.56e+03
44.7%	447000	-568164.2606201172	307.33203782478273	1.56e+03
44.8%	448000	-568071.6871948242	297.4396574379195	1.56e+03
44.9%	449000	-568491.1736450195	293.5946060934114	1.56e+03
45.0%	450000	-568393.6470031738	296.5401410190415	1.56e+03
45.1%	451000	-568319.7327880859	307.1545478683812	1.56e+03
45.2%	452000	-568376.2745361328	307.0794212545576	1.56e+03
45.3%	453000	-568446.0633544922	300.5010450133967	1.56e+03
45.4%	454000	-568287.8597412109	303.0146701353863	1.56e+03
45.5%	455000	-568339.7083740234	300.54060060367766	1.56e+03
45.6%	456000	-568375.2071533203	299.7454554385116	1.56e+03
45.7%	457000	-568463.3568115234	293.32840563640445	1.56e+03
45.8%	458000	-568364.3673706055	296.8134837104387	1.56e+03
45.9%	459000	-568347.14453125	302.87825376833354	1.56e+03
46.0%	460000	-568436.8095703125	301.62457242964	1.56e+03
46.1%	461000	-568390.1815795898	297.47662277489906	1.56e+03
46.2%	462000	-568426.630859375	297.59957420112175	1.56e+03
46.3%	463000	-568410.8756103516	295.00205264899085	1.56e+03
46.4%	464000	-568477.61328125	293.1713445290751	1.56e+03
46.5%	465000	-568380.8414306641	285.9875336673574	1.56e+03
46.6%	466000	-568280.3185424805	305.70548442778767	1.56e+03
46.7%	467000	-568336.1354980469	308.84725886425565	1.56e+03
46.8%	468000	-568574.1639404297	295.3422022180263	1.57e+03
46.9%	469000	-568368.5731201172	297.2602492983486	1.57e+03
47.0%	470000	-568302.03125	302.7682388303881	1.57e+03
47.1%	471000	-568238.7240600586	303.2689779797943	1.57e+03
47.2%	472000	-568236.3879394531	286.3072506019093	1.57e+03
47.3%	473000	-568144.2141113281	310.01938380790267	1.56e+03
47.4%	474000	-568275.4792480469	295.71372142891175	1.56e+03
47.5%	475000	-568295.3311157227	304.64346710151494	1.56e+03
47.6%	476000	-568196.5992431641	302.59294598281974	1.56e+03
47.7%	477000	-568233.2175292969	300.0990786293349	1.56e+03
47.8%	478000	-568429.441482544	297.4187419237095	1.57e+03
47.9%	479000	-568309.1102294922	320.84303470137047	1.57e+03
48.0%	480000	-568336.4635009766	301.2417784428968	1.57e+03
48.1%	481000	-568527.2039794922	302.24442406984605	1.57e+03
48.2%	482000	-568595.8608398438	317.4078201658301	1.57e+03
48.3%	483000	-568223.4963378906	297.228097028012	1.57e+03
48.4%	484000	-568287.6983947754	314.1450992497634	1.57e+03
48.5%	485000	-568493.2950439453	305.56746986712153	1.57e+03
48.6%	486000	-568389.7276611328	296.8370579005145	1.57e+03
48.7%	487000	-568376.2893066406	294.92961101091413	1.57e+03
48.8%	488000	-568263.2725143433	291.6798912599146	1.57e+03
48.9%	489000	-568179.7005004883	296.64828843364194	1.57e+03
49.0%	490000	-568297.4430541992	302.48286767646164	1.57e+03
49.1%	491000	-568515.1434326172	292.4954078241793	1.57e+03
49.2%	492000	-568366.6974487305	290.2411660871429	1.57e+03
49.3%	493000	-568316.4785766602	307.53134005961743	1.57e+03
49.4%	494000	-568390.8963928223	293.3021703306156	1.57e+03
49.5%	495000	-568491.3800048828	292.5748240708475	1.57e+03
49.6%	496000	-568253.5246582031	295.2937148390842	1.57e+03
49.7%	497000	-568156.8112792969	302.66608747676213	1.57e+03
49.8%	498000	-568433.3786315918	299.95610659463125	1.57e+03
49.9%	499000	-568282.4127197266	282.0237132358947	1.57e+03
50.0%	500000	-568443.5991210938	292.16855458673285	1.57e+03
50.1%	501000	-568200.4499206543	306.36243631264483	1.57e+03
50.2%	502000	-568303.630065918	306.0998560480036	1.57e+03
50.3%	503000	-568563.8191223145	295.1672372362387	1.57e+03
50.4%	504000	-568486.8220214844	311.23759967645026	1.57e+03
50.5%	505000	-568302.5369873047	299.88639976564286	1.57e+03
50.6%	506000	-568506.1109008789	301.52473514049564	1.57e+03
50.7%	507000	-568322.2877197266	296.6351478066339	1.57e+03
50.8%	508000	-568217.8473510742	309.6512601297766	1.57e+03
50.9%	509000	-568207.6432495117	298.81384741768574	1.57e+03
51.0%	510000	-568243.9036865234	302.1155330657219	1.57e+03
51.1%	511000	-568327.2415771484	301.5188458859072	1.57e+03
51.2%	512000	-568389.1424865723	284.809901650341	1.57e+03
51.3%	513000	-568306.5275878906	308.2012883810849	1.57e+03
51.4%	514000	-568359.7819824219	302.72791670496827	1.57e+03
51.5%	515000	-568372.0008850098	300.81261494404066	1.57e+03
51.6%	516000	-568176.1987304688	309.98158139751723	1.57e+03
51.7%	517000	-568351.7438659668	292.1290130260502	1.57e+03
51.8%	518000	-568195.3039855957	310.5122968813497	1.57e+03
51.9%	519000	-568164.514465332	315.28441765810675	1.57e+03
52.0%	520000	-568292.1286315918	302.08368297581507	1.57e+03
52.1%	521000	-568212.1726074219	308.46816740080897	1.57e+03
52.2%	522000	-568285.568359375	302.5620357289206	1.57e+03
52.3%	523000	-568370.5328369141	303.45275053329345	1.57e+03
52.4%	524000	-568387.6041870117	298.8412511847774	1.57e+03
52.5%	525000	-568425.7131919861	297.0339812345095	1.57e+03
52.6%	526000	-568154.7509765625	302.04464948958446	1.57e+03
52.7%	527000	-568552.9010772705	301.42563694747173	1.57e+03
52.8%	528000	-568285.9169311523	298.6115847751798	1.57e+03
52.9%	529000	-568290.9827880859	293.09248486190415	1.57e+03
53.0%	530000	-568307.0220336914	297.5032829366183	1.57e+03
53.1%	531000	-568214.4526367188	300.4424637953157	1.57e+03
53.2%	532000	-568196.0251464844	295.29467728871145	1.57e+03
53.3%	533000	-568311.2212524414	289.33451992678107	1.57e+03
53.4%	534000	-568305.0936889648	297.3017843459081	1.57e+03
53.5%	535000	-568297.6557617188	305.35661904574494	1.57e+03
53.6%	536000	-568229.209777832	297.3604977461757	1.57e+03
53.7%	537000	-567958.6694335938	301.2578206759451	1.57e+03
53.8%	538000	-568035.9046936035	292.8306871711947	1.57e+03
53.9%	539000	-568426.4123840332	298.5754562280255	1.57e+03
54.0%	540000	-568219.0858154297	303.356555767107	1.57e+03
54.1%	541000	-568091.0264892578	296.58664845774695	1.57e+03
54.2%	542000	-568250.0291748047	317.44448836553727	1.57e+03
54.3%	543000	-568233.8198242188	295.9545191035402	1.57e+03
54.4%	544000	-568322.4519042969	297.8482875289445	1.57e+03
54.5%	545000	-568396.9084472656	292.01313273118205	1.57e+03
54.6%	546000	-568355.1206054688	299.2144881227845	1.57e+03
54.7%	547000	-568386.0221557617	301.07671222269056	1.57e+03
54.8%	548000	-568472.5913085938	290.0143008587137	1.57e+03
54.9%	549000	-568357.4707641602	302.0005842253361	1.57e+03
55.0%	550000	-568480.1549072266	303.1366213309057	1.57e+03
55.1%	551000	-568343.4946289062	298.3775627753291	1.57e+03
55.2%	552000	-568436.9595947266	287.65626687034205	1.57e+03
55.3%	553000	-568372.4969482422	289.9975260875998	1.57e+03
55.4%	554000	-568536.6806640625	296.44793620190654	1.57e+03
55.5%	555000	-568309.9670410156	298.7168351729124	1.57e+03
55.6%	556000	-568460.0498046875	294.7206897839624	1.57e+03
55.7%	557000	-568393.65234375	301.18769951608505	1.57e+03
55.8%	558000	-568163.2814941406	286.85465059734247	1.57e+03
55.9%	559000	-568240.7659912109	302.51644268881097	1.57e+03
56.0%	560000	-568452.3721313477	303.1678152623134	1.57e+03
56.1%	561000	-568314.3028564453	299.9185766095999	1.57e+03
56.2%	562000	-568670.7973022461	296.92190391037326	1.57e+03
56.3%	563000	-568360.6676025391	288.77484265726235	1.57e+03
56.4%	564000	-568426.8369750977	314.1429371504406	1.57e+03
56.5%	565000	-568447.6599121094	289.11458585114906	1.57e+03
56.6%	566000	-568366.5642089844	293.9571614865683	1.57e+03
56.7%	567000	-568231.0646591187	290.86107579405876	1.57e+03
56.8%	568000	-568424.7844238281	298.08413691379616	1.57e+03
56.9%	569000	-568334.6662597656	296.092389222697	1.57e+03
57.0%	570000	-568371.0992736816	303.3873390882096	1.57e+03
57.1%	571000	-568402.2542114258	302.0062690335119	1.57e+03
57.2%	572000	-568305.442199707	304.40030426528114	1.57e+03
57.3%	573000	-568134.095703125	293.4141874492152	1.57e+03
57.4%	574000	-568272.0461273193	288.04273659508516	1.57e+03
57.5%	575000	-568279.6726074219	305.2754404173314	1.57e+03
57.6%	576000	-568286.7118225098	293.2057231848897	1.57e+03
57.7%	577000	-568257.4376220703	291.5172392210064	1.57e+03
57.8%	578000	-568369.4920959473	317.806404372386	1.57e+03
57.9%	579000	-568417.150390625	302.5052290945523	1.57e+03
58.0%	580000	-568431.6717529297	294.0654605292125	1.57e+03
58.1%	581000	-568266.6441040039	291.46540959413323	1.57e+03
58.2%	582000	-568235.1541748047	284.56787846027356	1.57e+03
58.3%	583000	-568413.8779296875	313.27296257453094	1.57e+03
58.4%	584000	-568274.5285644531	295.916814801998	1.57e+03
58.5%	585000	-568268.0844726562	298.72988526435734	1.57e+03
58.6%	586000	-568484.6407470703	313.4900120647699	1.57e+03
58.7%	587000	-568270.9609375	303.75779487456555	1.57e+03
58.8%	588000	-568150.9686279297	303.0347419824401	1.57e+03
58.9%	589000	-568154.2745361328	305.2782285714113	1.57e+03
59.0%	590000	-568364.5222167969	294.7837721932807	1.57e+03
59.1%	591000	-568417.4110107422	303.92054278714295	1.57e+03
59.2%	592000	-568547.6328735352	302.5370777913898	1.57e+03
59.3%	593000	-568058.8872070312	298.2510614998844	1.57e+03
59.4%	594000	-568454.3109741211	301.474518073103	1.57e+03
59.5%	595000	-568328.0100708008	290.02193185007314	1.57e+03
59.6%	596000	-568249.6182861328	295.6363232486475	1.57e+03
59.7%	597000	-568307.5607910156	302.4577404556323	1.57e+03
59.8%	598000	-568396.2554931641	301.00439667145395	1.57e+03
59.9%	599000	-568522.1784667969	304.6525065809767	1.57e+03
60.0%	600000	-568389.6374511719	312.01383294924597	1.57e+03
60.1%	601000	-568473.3485717773	299.49074089020445	1.57e+03
60.2%	602000	-568281.1318359375	301.62197931020756	1.57e+03
60.3%	603000	-568355.4317626953	306.39096209962133	1.57e+03
60.4%	604000	-568305.0771484375	299.41008121625174	1.57e+03
60.5%	605000	-568417.6369628906	315.4918146634698	1.57e+03
60.6%	606000	-568133.4302978516	297.393215906516	1.57e+03
60.7%	607000	-568275.6338500977	298.8904826937995	1.57e+03
60.8%	608000	-568376.1883544922	300.7555000907502	1.57e+03
60.9%	609000	-568387.9259643555	290.3941798871094	1.57e+03
61.0%	610000	-568000.1193847656	284.61290893378657	1.57e+03
61.1%	611000	-568433.2097167969	295.0393304009224	1.57e+03
61.2%	612000	-568351.9302978516	313.8829364219583	1.57e+03
61.3%	613000	-568275.5238037109	296.13110730434215	1.57e+03
61.4%	614000	-568268.0529174805	287.24476663808605	1.57e+03
61.5%	615000	-568464.3074951172	300.7946953709726	1.57e+03
61.6%	616000	-568308.6499023438	292.69916245124904	1.57e+03
61.7%	617000	-568343.7432861328	307.7968966697912	1.57e+03
61.8%	618000	-568161.7998046875	300.5129414410484	1.57e+03
61.9%	619000	-568332.9060058594	306.3412161635632	1.57e+03
62.0%	620000	-568213.0568847656	296.2542343878036	1.57e+03
62.1%	621000	-568157.5717773438	301.94012004174016	1.57e+03
62.2%	622000	-568303.7077026367	302.6608754641322	1.57e+03
62.3%	623000	-568230.1572875977	300.76706992696654	1.57e+03
62.4%	624000	-568314.4985351562	294.2306407034406	1.57e+03
62.5%	625000	-568143.1445617676	300.84542543409634	1.57e+03
62.6%	626000	-568300.4282226562	294.7855213619869	1.57e+03
62.7%	627000	-568200.477355957	298.82785113197133	1.57e+03
62.8%	628000	-568208.3439941406	291.18571130869003	1.57e+03
62.9%	629000	-568369.2165527344	296.55202733849046	1.57e+03
63.0%	630000	-568218.1735839844	278.34880089543265	1.57e+03
63.1%	631000	-568413.2789306641	302.0062725802538	1.57e+03
63.2%	632000	-568270.549987793	300.65547779573285	1.57e+03
63.3%	633000	-568122.6095275879	299.92168799780194	1.57e+03
63.4%	634000	-568213.9438171387	299.41463598059755	1.57e+03
63.5%	635000	-568433.0222167969	292.7161185782052	1.57e+03
63.6%	636000	-568527.1263427734	313.0373040429308	1.57e+03
63.7%	637000	-568428.8893432617	293.38190694364016	1.57e+03
63.8%	638000	-568495.8026733398	301.3789353738932	1.57e+03
